1948
1949
1950
2783
1951
2784
1952
2785
2786
1953
1954
2787
1955
2788
2789
2790
2791
1956
1957
2792
1958
1959
1960
1961
2793
1962
2794
1963
2795
1964
1965
1966
2470
2287
1967
2796
2797
2798
1968
2799
1969
2355
1970
2565
2800
1971
2801
2802
2530
2542
1972
2288
1973
1974
1975
2472
2473
2471
2803
2804
2805
2806
2807
2469
1976
1628
2535
1977
1978
1979
1980
1981
1982
1983
1984
2645
1985
1986
1987
1988
1989
4098
2808
1990
1991
2809
2810
2811
2812
2813
2814
2215
1015
2214
1877
1876
1666
2247
2178
2180
2175
2246
2172
1878
2171
2174
1865
1866
1658
1009
1368
1992
1993
2815
2653
1994
2816
2817
2818
1995
1996
2819
2820
1997
2821
1998
2822
1999
1380
2823
2000
2824
2825
2826
2001
2002
2827
2003
1723
1040
1377
1008
1630
1045
1055
1004
1801
1672
2828
2829
2830
2831
2004
2832
2833
2834
2624
2255
1386
1881
2212
2835
2836
2837
2005
2838
2006
2839
2007
2008
2009
2840
2010
2841
2011
2842
2012
2013
1076
2014
1381
2015
2843
2844
2845
1657
2846
2847
2016
2017
2848
2018
2019
2849
2850
2851
2020
2852
1870
2853
2021
2022
1673
1044
1680
1845
1674
1846
2854
2855
2856
2023
2024
2857
2858
2025
2026
2859
2140
2141
1804
1844
2860
2861
2862
2863
2864
2865
2866
2867
2868
2869
2870
2871
2872
2873
2874
2875
2876
2877
2878
2879
2880
2881
2882
1795
1791
1792
1793
1794
2137
2027
1618
4180
2028
2029
2030
2031
2630
2032
1074
1720
2883
4205
2532
2033
2884
2547
2600
1805
2034
2475
2476
2885
2886
2142
2371
2887
2888
2889
2890
2891
2892
2893
2894
4005
2895
2896
2897
2898
2899
2900
2901
2902
2903
2904
1424
2905
2906
2907
2908
2909
2910
2911
2912
2913
2914
2915
2916
2917
2918
2919
2920
2921
2922
2923
2924
2925
2926
2927
2928
2929
2930
2931
2932
2933
2934
2935
2936
2937
2938
2939
2940
2941
2942
2943
2944
2945
2946
2947
2948
2949
2950
4204
2951
2952
2953
2954
2955
2956
2957
2958
2959
2960
2961
2962
2963
2964
2965
2966
2967
2968
2969
2970
2971
2972
2973
2974
2975
2976
2977
2978
2979
2980
2981
2982
2983
2984
2985
2986
2987
2988
2989
2990
2991
2992
2993
2994
2995
2996
2997
2998
4109
2999
3000
3001
3002
3003
3004
3005
3006
3007
3008
3009
3010
3011
3012
3013
3014
3015
3016
3017
3018
3019
3020
3021
3022
3023
3024
3025
3026
2035
3027
3028
3029
3030
3031
3032
4126
3033
2036
2037
3034
3035
1370
1409
1410
1025
1016
2156
3036
2038
3037
3038
3039
3040
3041
3042
3043
3044
1022
3045
3046
3047
3048
1393
1403
1023
1401
3049
3050
2272
3051
1367
1864
3052
3053
3054
3055
3056
4177
3057
3058
2126
4016
1701
2125
1730
2159
2158
2209
2210
2555
1406
2461
4017
4018
1387
1383
4011
4004
4003
4014
3890
4010
3875
4002
3888
3874
3999
4009
4001
4015
4007
4013
4008
4012
3735
3983
4000
3938
2660
2039
1369
1378
1371
1373
1667
1374
3687
2590
2519
2516
3877
3876
1379
1375
3889
3871
3878
3873
2648
2719
3059
3060
3061
2040
3062
2041
3063
2042
2043
3064
3065
3066
2044
3067
2045
3068
3069
3070
3071
2046
3072
3073
2216
2047
3074
2612
3075
3076
3077
2048
2049
2050
3078
3079
3080
3081
3082
3083
2051
2052
3084
3085
2053
2054
2055
3086
3087
3088
2056
2057
3089
3090
3091
2058
2059
2607
3092
2060
2061
2062
3093
2063
3094
2064
2065
2066
2067
3095
3096
2068
2069
2606
2217
3097
2070
2071
3098
3099
2605
1389
2072
2073
2074
2075
2076
3100
2077
2078
2079
2609
2305
2230
1838
4178
2080
3101
2081
2082
2608
2669
2083
3846
2084
2085
3102
2086
1400
2087
1405
1097
1411
3847
1404
2088
2610
2089
2611
2559
2625
2229
2231
3848
1767
1777
1763
1426
1427
1825
3818
3813
3816
3811
3814
3819
2190
2184
2228
2668
2188
3812
3809
2604
2603
3817
2493
3103
3104
3105
3106
3107
3108
3109
3110
3111
3112
3113
3114
1611
1602
1603
1604
1605
2411
2511
2270
3688
4076
3778
1716
3115
4071
3116
3117
3118
3119
3120
3121
3122
3123
3124
3125
3126
3127
3128
3129
3130
3131
3132
3133
3134
3135
3136
3137
3138
3139
3140
3141
3142
3143
3144
3145
3146
3147
3148
3149
3150
3151
3152
3153
3154
3155
3156
3157
3158
3159
3160
3161
3162
3163
3164
3165
3166
3167
3168
3169
3170
3171
3172
3173
3174
3175
3176
3177
3178
3179
3180
3181
3182
3950
3183
3184
3185
3186
3187
3188
3189
3190
3191
3192
3193
3194
3195
3196
3197
3198
3199
3200
3201
3202
3203
3204
3205
3206
3207
3208
3209
3210
3211
3212
3213
3214
3215
3216
3217
3218
3219
3220
3221
3222
3223
3224
3225
3226
3227
3228
3229
3230
3231
3232
3233
3234
3235
3236
3237
3238
3239
3240
3241
3242
3243
3244
3245
3246
3247
3248
3249
3250
3251
3252
3253
3254
3255
3256
3257
3258
3259
3260
3261
3262
3263
3264
3265
3266
3267
3268
3269
3270
3271
3272
3273
3274
3275
3276
3277
3278
3279
3280
3281
3282
3283
3284
3285
3286
3287
3288
3289
3290
3291
3292
3293
3294
3295
3296
3297
3298
3299
3300
3301
3302
3303
3304
3305
3306
3307
3308
3309
3310
3311
3312
3313
3314
2139
2572
2709
1398
1821
1822
2276
2561
2169
2527
2122
2617
2280
2711
2283
2714
3315
3316
3317
3318
3319
3320
3321
3322
3323
3324
3325
3326
3327
3328
3329
3330
3331
3332
2138
1395
2090
1396
1392
2177
3333
3334
3335
3336
3337
3338
3339
3340
3341
3342
3343
3344
3345
3346
3347
3348
3349
3350
3351
3352
3353
3354
3355
3356
3357
3358
3359
3360
2091
1727
1415
1823
1842
1824
3361
3362
3363
3364
3365
3366
3367
3368
3369
3370
3371
3372
3373
3374
3375
3376
3377
3378
3379
3380
3381
3382
3383
3384
3385
3386
3387
3388
3389
3390
3391
3392
3393
3394
3395
3396
3397
3398
3399
3400
3401
3402
3403
3404
3405
2578
2591
3951
3946
3406
3407
3408
3409
3410
2710
2713
3411
3412
3413
3414
3415
3416
3417
3418
3419
3420
3421
3422
3423
3424
1027
2706
2232
2708
3425
3426
2185
3427
3428
3429
3430
3747
3431
3432
3433
3434
3435
3937
3436
3437
3932
3438
3439
2593
3440
3441
3442
3748
1017
3443
3444
3445
3446
3447
3448
3449
2130
2092
3450
2134
2715
3451
3452
3935
3453
3454
3455
3456
3457
2093
3458
3459
3460
3461
3462
2132
3463
3791
3464
3465
3466
3467
3468
3469
3470
3471
3472
2094
3473
3474
3475
3476
3477
3478
3479
3480
3481
3482
3483
3484
3485
3486
3487
3488
3489
3490
3491
3492
3493
3494
3746
3495
3496
2716
3497
2095
3498
3499
3500
3934
3501
3502
3503
3749
3750
3504
3505
3506
3507
3508
3509
3510
3511
3512
3513
3514
3515
3516
3517
3807
3518
3519
3520
3521
3522
3523
3524
3525
3526
3527
1715
3528
3529
3530
3531
3532
3533
2213
3534
3535
3536
3537
2717
3538
3539
3540
3808
3541
3542
3543
3544
3545
3546
3547
3548
3549
2096
3550
3551
2097
3552
3553
3554
3555
3947
3556
3557
3558
3559
3560
3744
3743
3561
3562
3563
3564
3565
3566
3567
3568
3569
3570
3571
3572
3573
3574
4162
3575
3964
2098
3576
3577
3578
2099
3579
3580
3581
2100
3582
3583
3584
3585
3586
2101
3587
3588
3589
3590
3591
3592
2187
3593
3594
3595
3936
3596
3597
3598
3599
3600
3601
3602
2102
3603
3604
2133
3605
3917
2129
2131
3606
1028
3607
2103
1031
1423
1026
1030
1729
1088
1024
1397
1077
1756
1757
2104
1872
2401
2404
2105
2145
3608
3609
3610
3611
3612
3613
3614
2106
3615
2107
3616
3617
3919
2108
3618
3619
3620
3621
3622
3623
3624
1020
1018
2408
2183
2405
2407
3625
3922
3626
3627
3628
3629
3630
3631
3632
3633
3634
3635
3636
3637
3638
3639
3830
3640
3641
3642
3643
3644
2109
3645
2341
3646
3647
3648
3649
2638
3650
3651
1021
2110
1385
1416
1419
1420
1421
2111
1417
1418
1874
3933
3652
3653
3654
3655
3656
3657
3658
3659
3660
3661
3662
3663
3664
3665
3666
2112
3667
3668
3669
2186
4150
4125
3670
3918
3671
3672
3673
3674
1029
2323
2505
2506
2546
2271
2641
2643
2644
2642
2113
1407
1412
3675
3676
4207
1408
2114
1873
4208
2115
1413
1422
1394
1414
3677
3678
3679
3680
3681
3682
2144
3683
3684
4163
3685
3686
4164
1820
1019
2116
2705
2342
1425
4174
1774
4138
2353
1696
1748
1687
1700
2273
1697
1695
1699
2306
1698
3734
2310
2375
2383
2311
2281
2198
2320
2197
2199
2358
1807
2344
3721
2343
1879
2345
3722
2365
2385
2360
1631
1636
2181
1632
1634
1656
2361
3694
2623
2497
2503
2324
1652
3839
2659
2601
1633
1648
2415
2416
2454
2414
1655
4171
2459
1813
1812
1796
1797
2179
1635
1645
1719
3959
2143
1646
2211
1638
4203
2161
3960
1647
1640
3781
1639
1637
2168
2167
1642
1641
1644
1643
1651
1654
1653
1649
1737
4075
1650
1778
4120
4121
4122
1095
3930
3929
1278
1284
1286
1282
3774
3838
2258
4105
4167
1288
2226
2249
3695
2259
4104
1318
1290
1299
1281
2118
4143
1830
2538
4160
2485
1312
3736
3764
3737
1314
1321
3714
1831
4106
4168
1856
1855
1860
1857
1859
1852
1828
1853
1833
1854
1826
1835
1827
1832
2119
1858
4159
4158
3696
2263
4157
1300
1743
2164
1296
4142
1712
1301
1307
4094
4095
2536
4156
2264
4166
2165
1741
2537
4155
2662
2652
4117
1322
3732
3984
1735
1311
4097
4093
2598
4154
1319
2522
1306
1744
1694
3697
4092
2523
1320
4006
1713
1316
2265
3985
4091
1308
2664
1315
4144
1304
2599
2539
4145
1313
3733
2540
1317
4096
1324
2266
4153
2541
1734
1327
4140
1682
2460
2445
1303
4130
2663
2302
1289
2154
3861
2432
1295
2433
2431
1285
1287
1082
4087
1297
1083
1298
1676
2147
1338
3905
1291
1294
2292
1339
1084
1624
2322
2592
2579
4069
1280
4199
1292
2434
1309
2615
2452
2583
3865
2582
2584
4072
2568
2566
2560
4031
3994
2392
1283
4020
3989
2155
2146
1329
1310
1332
1323
3745
1279
3978
1325
1277
1326
1336
1302
2512
1330
1333
3908
2718
1305
4073
2193
1328
2394
3849
1334
1293
1331
1337
1736
2442
2441
3852
1096
1335
2517
2551
2502
2362
1753
1754
1829
1742
2585
3689
2443
2444
1750
2550
2455
2492
2552
1740
2157
2275
2381
2380
2330
4148
4147
4146
1681
2720
2182
1772
3903
3904
3902
2356
2357
2390
2391
2191
2239
2602
2189
1773
2543
1843
2201
2544
1693
1880
2622
3742
2200
2621
4116
3851
4123
3725
3727
3726
4124
3728
4048
4043
4042
4066
4057
4110
4184
4054
4051
4206
4047
4064
4185
4053
4041
4058
4061
4060
4038
4186
2700
4063
4046
3864
4040
4052
4044
4050
2699
4062
4183
4045
4065
4049
4059
2549
4039
4187
4056
2667
2665
1749
1688
4067
4055
4152
4201
4202
4083
4086
2666
4085
4084
3730
3731
3993
3850
4182
3837
3836
3835
3834
3833
3944
1733
2447
3891
1732
4115
3991
3990
3845
3992
3840
3841
3842
2636
3844
3843